1,1,50.24,57.97,128.03,59.58,1,1,1.0
1,2,305.09,0.0,411.21,117.2,1,1,1.0
1,3,93.33,0.91,231.37,64.09,1,1,1.0
2,1,35.03,56.28,121.68,56.620000000000005,1,1,1.0
2,2,305.09,0.0,410.71999999999997,117.26,1,1,1.0
2,3,93.33,0.91,231.01,64.04,1,1,1.0
3,1,19.82,54.59,115.34,53.66,1,1,1.0
3,2,305.09,0.0,410.24000000000007,117.32,1,1,1.0
3,3,93.33,0.91,230.65000000000003,63.99000000000001,1,1,1.0
4,1,4.61,52.9,108.99,50.699999999999996,1,1,1.0
4,2,305.09,0.0,409.75000000000006,117.38,1,1,1.0
4,3,93.33,0.91,230.29000000000002,63.94,1,1,1.0
5,1,0.0,47.8,93.3,50.7,1,1,1.0
5,2,305.09,0.0,409.26000000000005,117.44,1,1,1.0
5,3,93.33,0.91,229.93,63.89,1,1,1.0
6,1,0.0,46.5,73.0,52.0,1,1,1.0
6,2,305.09,0.0,408.78000000000003,117.5,1,1,1.0
6,3,93.33,0.91,229.57,63.84,1,1,1.0
7,1,0.0,42.7,61.6,55.8,1,1,1.0
7,2,305.09,0.0,408.29,117.57,1,1,1.0
7,3,93.33,0.91,229.21000000000004,63.78,1,1,1.0
8,1,0.0,42.7,38.8,52.0,1,1,1.0
8,2,305.09,0.0,407.8,117.63,1,1,1.0
8,3,93.33,0.91,228.85000000000002,63.730000000000004,1,1,1.0
9,1,0.0,44.0,27.4,44.400000000000006,1,1,1.0
9,2,305.09,0.0,407.31,117.69,1,1,1.0
9,3,93.33,0.91,228.49,63.68000000000001,1,1,1.0
10,1,0.0,46.5,18.6,34.3,1,1,1.0
10,4,911.3,191.63,48.700000000000045,88.26999999999998,1,1,1.0
10,2,305.09,0.0,406.83,117.75,1,1,1.0
10,3,93.33,0.91,228.13,63.63000000000001,1,1,1.0
11,4,867.52,180.08,92.48000000000002,96.09,1,1,1.0
11,2,305.09,0.0,406.34,117.81,1,1,1.0
11,3,93.33,0.91,227.78000000000003,63.58,1,1,1.0
12,4,823.74,168.54,136.26,103.89000000000001,1,1,1.0
12,2,305.09,0.0,405.8500000000001,117.87,1,1,1.0
12,3,93.33,0.91,227.42000000000002,63.53,1,1,1.0
13,4,779.96,156.99,180.03999999999996,111.70999999999998,1,1,1.0
13,2,305.09,0.0,405.37000000000006,117.93,1,1,1.0
13,3,93.33,0.91,227.06,63.480000000000004,1,1,1.0
14,4,736.18,145.45,223.82000000000005,119.52000000000004,1,1,1.0
14,5,0.2,178.8,15.57,42.03,1,1,1.0
14,2,305.09,0.0,404.88000000000005,117.99,1,1,1.0
14,3,93.33,0.91,226.7,63.43000000000001,1,1,1.0
15,4,692.4,133.9,267.6,127.33000000000001,1,1,1.0
15,5,0.2,166.1,36.099999999999994,74.20000000000002,1,1,1.0
15,2,305.09,0.0,404.39000000000004,118.05,1,1,1.0
15,3,93.33,0.91,226.34000000000003,63.38000000000001,1,1,1.0
16,4,655.7,129.05,267.19999999999993,122.41,1,1,1.0
16,5,0.2,166.1,51.699999999999996,87.80000000000001,1,1,1.0
16,2,305.09,0.0,403.91,118.11,1,1,1.0
16,3,93.33,0.91,225.98000000000002,63.33,1,1,1.0
17,4,619.0,124.2,259.16999999999996,117.48,1,1,1.0
17,5,0.2,166.1,74.2,103.50000000000003,1,1,1.0
17,2,305.09,0.0,403.42,118.17,1,1,1.0
17,3,93.33,0.91,225.62,63.28,1,1,1.0
18,4,582.3,119.35,251.1400000000001,112.55000000000001,1,1,1.0
18,5,0.2,166.1,93.7,117.20000000000002,1,1,1.0
18,2,305.09,0.0,402.93,118.23,1,1,1.0
18,3,93.33,0.91,225.26,63.230000000000004,1,1,1.0
19,4,549.58,114.51,241.67999999999995,106.89,1,1,1.0
19,5,0.1,172.6,117.55000000000001,122.6,1,1,1.0
19,2,305.09,0.0,402.44,118.3,1,1,1.0
19,3,93.33,0.91,224.90000000000003,63.17,1,1,1.0
20,4,516.86,109.66,232.22000000000003,101.24000000000001,1,1,1.0
20,5,0.0,179.1,141.4,128.00000000000003,1,1,1.0
20,2,305.09,0.0,401.96,118.36,1,1,1.0
20,3,93.33,0.91,224.54000000000002,63.120000000000005,1,1,1.0
21,4,484.15,104.81,222.75,95.59,1,1,1.0
21,5,0.0,188.55,171.02,134.34999999999997,1,1,1.0
21,2,305.09,0.0,401.46999999999997,118.42,1,1,1.0
21,3,93.33,0.91,224.18,63.07,1,1,1.0
22,4,451.43,99.96,213.27000000000004,96.74,1,1,1.0
22,5,0.0,195.4,200.65,143.29999999999998,1,1,1.0
22,2,305.09,0.0,400.9800000000001,118.48,1,1,1.0
22,3,93.33,0.91,223.82,63.02,1,1,1.0
23,4,426.82,96.28,206.47999999999996,93.07,1,1,1.0
23,5,15.72,206.15,214.55,148.35,1,1,1.0
23,2,305.09,0.0,400.50000000000006,118.54,1,1,1.0
23,3,93.33,0.91,223.46000000000004,62.970000000000006,1,1,1.0
24,4,402.22,92.61,199.67999999999995,89.39,1,1,1.0
24,5,31.45,216.9,228.45,153.4,1,1,1.0
24,2,305.09,0.0,400.01000000000005,118.6,1,1,1.0
24,3,93.33,0.91,223.10000000000002,62.92,1,1,1.0
25,4,377.61,88.93,192.89,85.72,1,1,1.0
25,5,57.7,226.8,244.3,164.63,1,1,1.0
25,2,305.09,0.0,400.01000000000005,117.86,1,1,1.0
25,3,93.33,0.91,222.75,62.870000000000005,1,1,1.0
26,4,353.01,85.25,186.09000000000003,82.05000000000001,1,1,1.0
26,5,84.94,238.59,259.76,174.01000000000002,1,1,1.0
26,2,305.09,0.0,400.01000000000005,117.11,1,1,1.0
26,3,93.33,0.91,222.39000000000004,62.82,1,1,1.0
27,4,328.4,81.58,179.3,78.36999999999999,1,1,1.0
27,5,109.34,252.11,284.35,180.3,1,1,1.0
27,2,305.09,0.0,400.01000000000005,116.37,1,1,1.0
27,3,93.33,0.91,222.03000000000003,62.77,1,1,1.0
28,4,303.79,77.9,172.51,74.69999999999999,1,1,1.0
28,5,146.29,258.1,308.94000000000005,200.89999999999998,1,1,1.0
28,2,305.09,0.0,400.01000000000005,115.63,1,1,1.0
28,3,93.33,0.91,221.67000000000002,62.720000000000006,1,1,1.0
29,4,286.5,75.45,166.89999999999998,72.43999999999998,1,1,1.0
29,5,162.33,275.48,333.53,208.82,1,1,1.0
29,6,911.33,173.6,48.66999999999996,86.16999999999999,1,1,1.0
29,2,305.09,0.0,400.01000000000005,114.89,1,1,1.0
29,3,93.33,0.91,221.31,62.67,1,1,1.0
30,4,269.2,73.0,161.3,70.18,1,1,1.0
30,5,206.25,287.62,350.25,233.27999999999997,1,1,1.0
30,6,865.66,161.2,94.34000000000003,93.74000000000001,1,1,1.0
30,2,305.09,0.0,400.01000000000005,114.14,1,1,1.0
30,3,93.33,0.91,220.95,62.620000000000005,1,1,1.0
31,4,251.9,70.55,155.70000000000002,67.92,1,1,1.0
31,5,250.18,307.61,378.77000000000004,222.49,1,1,1.0
31,6,819.98,148.8,140.01999999999998,101.29999999999998,1,1,1.0
31,2,305.09,0.0,400.01000000000005,113.4,1,1,1.0
31,3,93.33,0.91,220.59000000000003,62.56,1,1,1.0
32,4,229.5,68.09,155.2,65.66999999999999,1,1,1.0
32,5,294.1,327.6,407.29999999999995,211.69999999999993,1,1,1.0
32,6,774.3,136.4,185.70000000000005,108.87,1,1,1.0
32,2,305.09,0.0,400.01000000000005,113.28,1,1,1.0
32,3,93.33,0.91,220.23000000000002,62.510000000000005,1,1,1.0
33,4,214.75,65.64,149.89999999999998,63.39999999999999,1,1,1.0
33,5,343.9,344.8,434.0,195.2,1,1,1.0
33,6,728.63,124.0,230.66999999999996,116.43,1,1,1.0
33,2,305.09,0.0,400.01000000000005,113.16,1,1,1.0
33,3,93.33,0.91,219.87,62.46,1,1,1.0
34,4,200.0,63.19,144.60000000000002,61.14,1,1,1.0
34,5,409.93,369.5,441.57,170.5,1,1,1.0
34,6,682.95,111.59,257.4,124.00999999999999,1,1,1.0
34,2,305.09,0.0,400.01000000000005,113.05,1,1,1.0
34,3,93.33,0.91,219.51,62.410000000000004,1,1,1.0
35,4,180.2,60.74,143.8,58.88,1,1,1.0
35,5,475.97,394.2,428.03,145.8,1,1,1.0
35,6,648.82,107.71,245.69999999999993,117.95,1,1,1.0
35,2,305.09,0.0,400.01000000000005,112.93,1,1,1.0
35,3,93.33,0.91,219.15000000000003,62.36000000000001,1,1,1.0
36,4,166.7,58.29,137.55,56.62,1,1,1.0
36,5,542.0,418.9,402.33000000000004,121.10000000000002,1,1,1.0
36,6,614.68,103.82,234.0200000000001,111.89000000000001,1,1,1.0
36,2,305.09,0.0,400.01000000000005,112.81,1,1,1.0
36,3,93.33,0.91,218.79000000000002,62.31,1,1,1.0
37,4,153.2,55.84,131.3,54.36,1,1,1.0
37,5,625.2,447.7,334.79999999999995,92.30000000000001,1,1,1.0
37,6,580.54,99.94,219.06000000000006,105.83000000000001,1,1,1.0
37,2,305.09,0.0,400.01000000000005,112.69,1,1,1.0
37,3,93.33,0.91,218.43,62.260000000000005,1,1,1.0
38,4,143.18,53.2,123.87,54.36,1,1,1.0
38,5,726.5,471.9,233.5,68.10000000000002,1,1,1.0
38,6,546.41,96.05,211.29000000000008,99.78000000000002,1,1,1.0
38,2,305.09,0.0,400.01000000000005,112.57,1,1,1.0
38,3,93.33,0.91,218.07,62.21,1,1,1.0
39,4,133.15,50.56,116.44999999999999,54.349999999999994,1,1,1.0
39,5,802.1,512.7,157.89999999999998,27.299999999999955,1,1,1.0
39,6,512.27,92.17,203.52999999999997,93.71999999999998,1,1,1.0
39,2,305.09,0.0,400.01000000000005,112.45,1,1,1.0
39,3,93.33,0.91,217.72000000000003,62.160000000000004,1,1,1.0
40,4,116.78,47.92,116.97,54.349999999999994,1,1,1.0
40,6,478.14,88.28,200.96000000000004,87.66,1,1,1.0
40,2,305.09,0.0,400.01000000000005,112.34,1,1,1.0
40,3,93.33,0.91,217.36,62.11000000000001,1,1,1.0
41,4,100.4,45.28,117.5,54.34,1,1,1.0
41,6,444.0,84.4,198.39999999999998,81.6,1,1,1.0
41,2,305.09,0.0,400.01000000000005,112.22,1,1,1.0
41,3,93.33,0.91,217.0,62.06,1,1,1.0
42,4,88.7,42.64,114.85000000000001,54.34,1,1,1.0
42,6,420.5,80.11,188.60000000000002,80.85000000000001,1,1,1.0
42,2,305.09,0.0,400.01000000000005,112.1,1,1,1.0
42,3,93.33,0.91,216.64000000000004,62.010000000000005,1,1,1.0
43,4,77.0,40.0,112.19999999999999,54.33,1,1,1.0
43,6,397.0,75.82,178.79999999999995,80.09,1,1,1.0
43,2,305.09,0.0,400.01000000000005,111.98,1,1,1.0
43,3,93.33,0.91,216.28000000000003,61.95,1,1,1.0
44,4,64.92,37.36,107.98,54.33,1,1,1.0
44,6,373.4,71.53,169.30000000000007,79.34,1,1,1.0
44,2,305.09,0.0,400.01000000000005,111.86,1,1,1.0
44,3,93.33,0.91,215.92000000000002,61.900000000000006,1,1,1.0
45,4,52.84,34.72,108.85999999999999,54.32000000000001,1,1,1.0
45,6,352.85,64.6,164.35000000000002,81.22,1,1,1.0
45,2,305.09,0.0,400.01000000000005,111.75,1,1,1.0
45,3,93.33,0.91,215.56,61.85,1,1,1.0
46,4,40.76,32.08,109.74000000000001,54.32000000000001,1,1,1.0
46,6,327.1,60.84,155.5,77.35999999999999,1,1,1.0
46,2,305.09,0.0,400.01000000000005,111.63,1,1,1.0
46,3,93.33,0.91,215.2,61.800000000000004,1,1,1.0
47,4,32.28,30.38,103.87,52.82000000000001,1,1,1.0
47,6,307.85,57.08,150.25,76.72000000000001,1,1,1.0
47,2,305.09,0.0,400.01000000000005,111.51,1,1,1.0
47,3,93.33,0.91,214.84000000000003,61.75,1,1,1.0
48,4,23.8,28.69,98.0,51.31,1,1,1.0
48,6,288.6,53.32,145.0,76.08000000000001,1,1,1.0
48,2,305.09,0.0,400.01000000000005,111.39,1,1,1.0
48,3,93.33,0.91,214.48000000000002,61.7,1,1,1.0
49,4,14.1,26.99,96.2,50.78,1,1,1.0
49,6,269.35,49.56,142.34999999999997,75.44,1,1,1.0
49,2,305.09,0.0,400.01000000000005,111.27,1,1,1.0
49,3,93.33,0.91,214.12,61.650000000000006,1,1,1.0
50,4,4.8,25.29,94.0,50.26,1,1,1.0
50,6,250.1,45.8,139.70000000000002,74.8,1,1,1.0
50,2,305.09,0.0,400.01000000000005,111.15,1,1,1.0
50,3,93.33,0.91,213.76,61.6,1,1,1.0
51,4,0.0,23.6,87.3,49.71999999999999,1,1,1.0
51,6,232.32,43.97,135.53000000000003,72.45,1,1,1.0
51,2,305.09,0.0,400.01000000000005,111.04,1,1,1.0
51,3,93.33,0.91,213.40000000000003,61.550000000000004,1,1,1.0
52,4,0.0,21.9,78.3,48.6,1,1,1.0
52,6,214.54,42.14,131.35999999999999,70.1,1,1,1.0
52,2,305.09,0.0,400.01000000000005,110.92,1,1,1.0
52,3,93.33,0.91,213.04000000000002,61.5,1,1,1.0
53,4,0.0,21.22,68.7,46.68000000000001,1,1,1.0
53,6,196.77,40.31,126.08000000000001,67.75,1,1,1.0
53,2,305.09,0.0,400.01000000000005,110.8,1,1,1.0
53,3,93.33,0.91,212.69,61.45,1,1,1.0
54,4,0.0,20.54,58.8,44.76,1,1,1.0
54,6,178.99,38.48,120.81,65.4,1,1,1.0
54,2,305.09,0.0,400.01000000000005,110.8,1,1,1.0
54,3,93.33,0.91,212.33000000000004,61.400000000000006,1,1,1.0
55,4,0.0,19.2,49.6,43.5,1,1,1.0
55,6,161.21,36.65,125.28999999999999,63.050000000000004,1,1,1.0
55,2,305.09,0.0,400.01000000000005,110.8,1,1,1.0
55,3,93.33,0.91,211.97000000000003,61.34,1,1,1.0
56,4,0.0,18.85,40.7,41.85,1,1,1.0
56,6,149.19,36.39,120.82999999999998,60.42999999999999,1,1,1.0
56,2,305.09,0.0,400.01000000000005,110.8,1,1,1.0
56,3,93.33,0.91,211.61,61.290000000000006,1,1,1.0
57,4,0.0,18.5,31.8,40.9,1,1,1.0
57,6,137.17,36.13,116.37,57.809999999999995,1,1,1.0
57,2,305.09,0.0,400.01000000000005,110.8,1,1,1.0
57,3,93.33,0.91,211.25,61.24,1,1,1.0
58,4,0.0,18.5,24.5,40.7,1,1,1.0
58,6,125.14,35.87,111.92,55.190000000000005,1,1,1.0
58,2,305.09,0.0,400.01000000000005,110.8,1,1,1.0
58,3,93.33,0.91,210.89000000000004,61.190000000000005,1,1,1.0
59,4,0.0,22.3,14.8,34.099999999999994,1,1,1.0
59,6,113.12,35.6,107.46000000000001,52.580000000000005,1,1,1.0
59,2,305.09,0.0,400.01000000000005,110.8,1,1,1.0
59,3,93.33,0.91,210.53000000000003,61.14,1,1,1.0
60,6,101.1,35.34,103.0,49.959999999999994,1,1,1.0
60,2,305.09,0.0,400.01000000000005,110.8,1,1,1.0
60,3,93.33,0.91,210.17000000000002,61.09,1,1,1.0
